20230703 1.74321 95.8436 31.5 肥胖
20230703 1.5 66.5 28.6 超重
20230703 1.6 44.2 17.8 体重过低
20230703 1.8 73.2 21.7 正常体重
20230703 1.7 45.1 15.4 体重过低
20230703 1.7 61.8 22.3 正常体重
20230703 1.7 49.1 17.7 体重过低
20230703 1.9 97.2 27.3 超重
20230703 1.8 46.0 14.5 体重过低
20230703 1.9 45.1 12.1 体重过低
20230703 2.0 85.7 21.7 正常体重
20230703 2.0 91.9 24.1 正常体重
20230703 1.7 75.3 27.5 超重
20230703 1.6 98.7 37.9 肥胖
20230703 1.8 70.1 21.1 正常体重
20230703 1.8 97.8 31.5 肥胖
20230703 1.7 88.5 29.7 超重
20230703 1.6 57.3 21.4 正常体重
20230703 1.7 86.7 30.4 肥胖
20230703 2.0 72.4 18.2 体重过低
20230703 1.5 82.6 35.7 肥胖
20230703 1.8 84.8 25.5 超重
20230703 1.6 70.2 25.9 超重
20230703 1.5 57.1 24.7 正常体重
20230703 1.8 84.0 25.2 超重
20230703 1.6 79.9 30.7 肥胖
20230703 1.7 49.4 16.3 体重过低
20230703 1.6 41.1 15.6 体重过低
20230703 1.7 89.0 31.0 肥胖
20230703 1.9 92.3 24.3 正常体重
20230703 1.6 54.6 20.1 正常体重
20230703 1.9 48.8 13.4 体重过低
20230703 1.8 77.9 25.0 超重
20230703 1.9 65.9 18.9 正常体重
20230703 1.5 74.1 32.8 肥胖
20230703 2.0 41.4 10.8 体重过低
20230703 1.6 92.4 38.0 肥胖
20230703 1.8 96.7 29.5 超重
20230703 1.9 81.9 23.8 正常体重
20230703 1.8 76.5 23.9 正常体重
20230703 1.7 53.5 17.9 体重过低
20230703 1.9 44.8 12.4 体重过低
20230703 1.8 58.1 17.1 体重过低
20230703 1.7 54.0 18.0 体重过低
20230703 1.6 48.1 18.8 正常体重
20230703 1.6 54.3 20.5 正常体重
20230703 1.6 56.2 23.3 正常体重
20230703 1.7 88.2 29.2 超重
20230703 1.5 65.7 28.7 超重
20230703 1.8 81.0 25.9 超重
