20230102 1.50009 97.2402 43.2 肥胖
20230103 1.7 65.5 23.4 正常体重
20230104 1.8 98.9 30.4 肥胖
20230105 1.6 54.0 21.4 正常体重
20230106 1.7 51.7 17.6 体重过低
20230107 1.7 99.7 33.1 肥胖
20230108 1.5 75.9 33.7 肥胖
20230109 1.6 98.3 37.1 肥胖
20230110 1.7 72.0 25.9 超重
20230111 2.0 44.1 11.1 体重过低
20230112 1.5 67.0 28.4 超重
20230113 1.7 61.1 22.0 正常体重
20230114 1.7 79.2 26.5 超重
20230115 1.8 53.5 16.7 体重过低
20230116 1.6 99.4 39.6 肥胖
20230117 1.9 74.5 20.0 正常体重
20230118 1.7 95.4 33.9 肥胖
20230119 1.5 48.4 21.3 正常体重
20230120 1.7 58.7 21.2 正常体重
20230121 1.7 52.4 18.5 正常体重
20230122 1.7 82.7 28.5 超重
20230123 2.0 98.0 25.6 超重
20230124 1.9 49.8 13.4 体重过低
20230125 1.6 88.8 33.2 肥胖
20230126 1.7 66.0 23.6 正常体重
20230127 1.6 55.4 20.9 正常体重
20230128 1.7 74.6 25.6 超重
20230129 1.6 70.3 26.6 超重
20230130 1.6 77.7 31.4 肥胖
20230131 1.8 80.0 25.5 超重
20230201 1.9 69.9 19.6 正常体重
20230202 1.7 81.2 29.8 超重
20230203 1.6 67.8 26.3 超重
20230204 1.5 63.6 27.5 超重
20230205 1.8 97.6 28.8 超重
20230206 1.6 43.6 16.4 体重过低
20230207 1.5 44.3 19.2 正常体重
20230208 1.9 40.5 11.8 体重过低
20230209 1.9 85.2 23.8 正常体重
20230210 1.8 72.8 22.6 正常体重
20230211 1.7 52.2 17.6 体重过低
20230212 1.8 77.0 24.2 正常体重
20230213 1.6 61.2 24.0 正常体重
20230214 2.0 72.8 18.8 正常体重
20230215 1.9 94.7 25.8 超重
20230216 1.9 61.8 17.5 体重过低
20230217 1.6 74.9 30.7 肥胖
20230218 1.6 85.7 33.7 肥胖
20230219 1.6 76.0 28.3 超重
20230220 2.0 88.0 23.0 正常体重
