20230102 1.7097 94.8277 32.4 肥胖II级（轻度肥胖）
20230103 1.7 70 24.5 体重正常
20230104 1.9 84.2 23.4 体重正常
20230105 1.6 54.5 22.4 体重正常
20230106 1.8 54.6 17 体重过轻（轻度消瘦）
20230107 1.8 92 28.5 体重过重（肥胖前期）
20230108 1.9 85.8 24.1 体重正常
20230109 1.7 79.9 28.9 体重过重（肥胖前期）
20230110 2 76.1 19.7 体重正常
20230111 1.9 80.4 22.2 体重正常
20230112 2 47.5 12.3 体重过轻（严重消瘦）
20230113 1.9 43.2 12.1 体重过轻（严重消瘦）
20230114 1.9 52.1 14.2 体重过轻（严重消瘦）
20230115 1.6 94.9 35.4 肥胖II级（中度肥胖）
20230116 1.6 52.9 19.7 体重正常
20230117 2 60.6 15.9 体重过轻（中度消瘦）
20230118 2 90.2 23.3 体重正常
20230119 1.9 61.3 17.8 体重过轻（轻度消瘦）
20230120 1.7 57.1 19.9 体重正常
20230121 2 89.2 23.2 体重正常
20230122 2 90.1 22.9 体重正常
20230123 1.5 87.2 38.1 肥胖II级（中度肥胖）
20230124 1.8 70.3 21.3 体重正常
20230125 1.8 41.7 12.6 体重过轻（严重消瘦）
20230126 1.6 79.1 32.4 肥胖II级（轻度肥胖）
20230127 2 50 12.6 体重过轻（严重消瘦）
20230128 1.5 88.6 37.4 肥胖II级（中度肥胖）
20230129 1.9 42.4 12 体重过轻（严重消瘦）
20230130 1.9 43.2 12.6 体重过轻（严重消瘦）
20230131 1.5 94.9 40.6 肥胖III级（严重肥胖）
20230201 1.7 73.1 26.4 体重过重（肥胖前期）
20230202 1.8 95.4 28.5 体重过重（肥胖前期）
20230203 1.6 62.7 24 体重正常
20230204 1.9 59 15.5 体重过轻（中度消瘦）
20230205 1.7 40.9 14.3 体重过轻（严重消瘦）
20230206 1.5 63.2 26.3 体重过重（肥胖前期）
20230207 2 81.4 20.4 体重正常
20230208 1.6 83 32.3 肥胖II级（轻度肥胖）
20230209 1.8 52 16.7 体重过轻（轻度消瘦）
20230210 1.8 95.9 30.1 肥胖II级（轻度肥胖）
20230211 1.7 80.4 28.2 体重过重（肥胖前期）
20230212 1.6 77.8 30.4 肥胖II级（轻度肥胖）
20230213 1.7 67.9 24 体重正常
20230214 1.7 90.4 31.5 肥胖II级（轻度肥胖）
20230215 1.9 93.3 26.1 体重过重（肥胖前期）
20230216 1.6 86.2 35.1 肥胖II级（中度肥胖）
20230217 1.8 59.2 17.5 体重过轻（轻度消瘦）
20230218 1.9 84.9 23 体重正常
20230219 1.9 67.4 18.1 体重过轻（轻度消瘦）
20230220 1.9 98.3 26.8 体重过重（肥胖前期）
20230703 1.73 55 18.4 体重过轻（轻度消瘦）
